0.0	-2.220446049250313e-16	0.0	-2.220446049250313e-16	0.0
0.003003003003003003	4.397269225055567e-06	3.9488643362957374e-07	4.397269225055567e-06	3.9488643362957374e-07
0.006006006006006006	1.73966121835047e-05	2.3685843864540977e-06	1.73966121835047e-05	2.3685843864540977e-06
0.009009009009009009	3.875242726125454e-05	6.443121387735771e-06	3.875242726125678e-05	6.443121387722283e-06
0.012012012012012012	6.819941610286854e-05	1.3026667879193133e-05	6.819941610287046e-05	1.3026667879183074e-05
0.015015015015015015	0.0001054339019435739	2.248445787276718e-05	0.00010543390194357766	2.2484457872749373e-05
0.018018018018018018	0.00015001369906706062	3.534736968048685e-05	0.0001500136990670626	3.5347369680478557e-05
0.02102102102102102	0.00020123361521847793	5.244431108027886e-05	0.00020123361521847584	5.24443110802867e-05
0.024024024024024024	0.00026003343708313765	7.161418567112495e-05	0.00026003343708313933	7.161418567111891e-05
0.02702702702702703	0.00032508240822181565	9.481570239803585e-05	0.0003250824082218175	9.481570239802968e-05
0.03003003003003003	0.0003948842610255674	0.00012372992815210267	0.00039488426102556647	0.00012372992815210562
0.03303303303303303	0.00047110863548562856	0.00015528547471865543	0.00047110863548562926	0.00015528547471865305
0.036036036036036036	0.0005514536254951046	0.00019218250119882918	0.0005514536254951054	0.00019218250119882742
0.03903903903903904	0.0006371455311461149	0.00023226356308505406	0.000637145531146118	0.00023226356308504574
0.04204204204204204	0.0007256645256607477	0.00027802422277217243	0.0007256645256607515	0.0002780242227721625
0.04504504504504504	0.0008182615281468385	0.0003273995234286959	0.0008182615281468354	0.0003273995234287033
0.04804804804804805	0.0009141941567528606	0.00038071929990900265	0.0009141941567528628	0.00038071929990899777
0.05105105105105105	0.0010157341231157022	0.0004353604250894324	0.0010157341231157035	0.0004353604250894291
0.05405405405405406	0.0011157856134116875	0.0004976166347270463	0.001115785613411687	0.0004976166347270477
0.057057057057057055	0.0012220143164506803	0.0005598924413790367	0.001222014316450696	0.0005598924413790029
0.06006006006006006	0.0013268786134734655	0.0006283998379125377	0.001326878613473469	0.0006283998379125306
0.06306306306306306	0.0014350652682418735	0.0006986445147331306	0.0014350652682418748	0.0006986445147331283
0.06606606606606606	0.0015450196364238406	0.0007715440598418272	0.001545019636423841	0.0007715440598418259
0.06906906906906907	0.0016554906613862794	0.0008476179702174145	0.0016554906613862762	0.0008476179702174209
0.07207207207207207	0.0017660451878200555	0.0009267069197437743	0.001766045187820055	0.0009267069197437748
0.07507507507507508	0.0018745643209617214	0.0010097554502876257	0.0018745643209617192	0.00100975545028763
0.07807807807807808	0.0019828632360276645	0.0010950216455815596	0.001982863236027693	0.0010950216455815082
0.08108108108108109	0.0020920634224827124	0.0011814384600110502	0.002092063422482718	0.001181438460011041
0.08408408408408408	0.0022045303911205853	0.0012673556354657956	0.00220453039112061	0.0012673556354657522
0.08708708708708708	0.0023120220929612415	0.0013572735696252359	0.002312022092961246	0.0013572735696252296
0.09009009009009009	0.0024168261481830483	0.0014493287612884753	0.002416826148183048	0.0014493287612884769
0.09309309309309309	0.0025216006845485946	0.0015417172259784315	0.002521600684548593	0.0015417172259784343
0.0960960960960961	0.002624925665860547	0.0016348989799106447	0.002624925665860572	0.0016348989799106041
0.0990990990990991	0.0027189952327477205	0.0017322295132807068	0.0027189952327477526	0.001732229513280656
0.1021021021021021	0.0028141934856826464	0.0018282958382008223	0.0028141934856826707	0.0018282958382007848
0.10510510510510511	0.002902095546082535	0.0019265949738981282	0.0029020955460825415	0.0019265949738981197
0.10810810810810811	0.0029906656056993383	0.002023348176395619	0.0029906656056993713	0.002023348176395571
0.1111111111111111	0.0030738845751743554	0.0021207904806411155	0.003073884575174386	0.002120790480641071
0.11411411411411411	0.003155126360834635	0.002217304445684069	0.0031551263608346454	0.0022173044456840533
0.11711711711711711	0.0032368782633536894	0.0023118603714295805	0.0032368782633536946	0.002311860371429573
0.12012012012012012	0.003316419247295566	0.002405304061953884	0.0033164192472955735	0.002405304061953874
0.12312312312312312	0.0033921933606864242	0.002497948785269149	0.003392193360686422	0.002497948785269152
0.12612612612612611	0.0034656940014795774	0.0025891257800927914	0.0034656940014795795	0.0025891257800927875
0.12912912912912913	0.0035325063546684733	0.00267993054524795	0.0035325063546684746	0.0026799305452479493
0.13213213213213212	0.0035825488762711295	0.0027726629056302288	0.003582548876271156	0.002772662905630194
0.13513513513513514	0.0036376512857362953	0.002861162033907339	0.003637651285736297	0.0028611620339073374
0.13813813813813813	0.0036925229650137366	0.0029469227930982297	0.003692522965013739	0.002946922793098228
0.14114114114114115	0.0037431011280917906	0.0030308237678288454	0.003743101128091775	0.003030823767828863
0.14414414414414414	0.003791884898453218	0.0031122117176786896	0.0037918848984532126	0.0031122117176786974
0.14714714714714713	0.003831881619334609	0.0031923365775602154	0.003831881619334611	0.003192336577560213
0.15015015015015015	0.0038568071533933604	0.003271905830252942	0.0038568071533933933	0.003271905830252903
0.15315315315315314	0.003887668677982511	0.0033471229263599333	0.003887668677982527	0.0033471229263599142
0.15615615615615616	0.0039251371775323755	0.00341824316616244	0.003925137177532378	0.003418243166162437
0.15915915915915915	0.003940326633833218	0.0034891838645507143	0.003940326633833215	0.003489183864550718
0.16216216216216217	0.003961617147193322	0.0035559922848693148	0.003961617147193342	0.0035559922848692927
0.16516516516516516	0.0039823308951173544	0.0036196528567808968	0.0039823308951173995	0.003619652856780848
0.16816816816816815	0.003995300771207061	0.0036808204639227496	0.003995300771207095	0.0036808204639227136
0.17117117117117117	0.004021400328004396	0.003737810804827923	0.0040214003280044115	0.0037378108048279055
0.17417417417417416	0.004030254661699022	0.0037929922516252474	0.004030254661699057	0.0037929922516252083
0.17717717717717718	0.004023675352919617	0.0038457357315030164	0.004023675352919659	0.0038457357315029726
0.18018018018018017	0.004023132099167907	0.0038948274729912434	0.004023132099167935	0.0038948274729912143
0.1831831831831832	0.00401803814456277	0.0039408298597101475	0.004018038144562771	0.0039408298597101475
0.18618618618618618	0.003994114044491508	0.003983742813049296	0.003994114044491522	0.003983742813049282
0.1891891891891892	0.003980775189047131	0.004023197435632322	0.003980775189047142	0.004023197435632311
0.1921921921921922	0.0039639325326472075	0.00405942399984602	0.003963932532647241	0.004059423999845987
0.19519519519519518	0.003951062383755439	0.004092676060218238	0.0039510623837554874	0.0040926760602181915
0.1981981981981982	0.003935017788588323	0.004122868578686639	0.003935017788588342	0.004122868578686621
0.2012012012012012	0.003915065969981312	0.004149957221847915	0.003915065969981314	0.004149957221847914
0.2042042042042042	0.003906355288895908	0.004174951043151257	0.003906355288895933	0.004174951043151236
0.2072072072072072	0.0038924079833341225	0.004197000992771539	0.003892407983334165	0.0041970009927715
0.21021021021021022	0.003869035713942377	0.004215698538323945	0.0038690357139424215	0.004215698538323903
0.2132132132132132	0.0038438844305578724	0.004231591328428899	0.003843884430557888	0.004231591328428886
0.21621621621621623	0.003810237306984736	0.004244004574363511	0.003810237306984746	0.004244004574363501
0.21921921921921922	0.0037835548588282778	0.00425459482737181	0.003783554858828287	0.004254594827371802
0.2222222222222222	0.0037485666399243826	0.004261720278522375	0.0037485666399243917	0.0042617202785223685
0.22522522522522523	0.0037122182057087996	0.004266183601952536	0.0037122182057088443	0.004266183601952498
0.22822822822822822	0.003675485899798709	0.004268187863276087	0.0036754858997987286	0.00426818786327607
0.23123123123123124	0.0036315683260312623	0.004266722845411263	0.0036315683260313117	0.004266722845411222
0.23423423423423423	0.003582284881248	0.0042619539962721826	0.003582284881248022	0.004261953996272164
0.23723723723723725	0.0035424583289951164	0.004256544528749672	0.003542458328995164	0.004256544528749632
0.24024024024024024	0.0034957552673324102	0.004247700124989377	0.0034957552673324285	0.004247700124989361
0.24324324324324323	0.00343795394722473	0.0042343949988417435	0.0034379539472247666	0.004234394998841714
0.24624624624624625	0.0033933913631331576	0.004221698952570347	0.003393391363133177	0.004221698952570331
0.24924924924924924	0.0033448556813167707	0.00420616274373173	0.0033448556813167243	0.004206162743731767
0.25225225225225223	0.0032915928133930286	0.004187556194514492	0.0032915928133930065	0.00418755619451451
0.2552552552552553	0.0032406013176832856	0.004167579369735187	0.0032406013176832765	0.004167579369735194
0.25825825825825827	0.003191095107525291	0.004146179500245328	0.0031910951075253013	0.00414617950024532
0.26126126126126126	0.0031465646057076703	0.004124436811913278	0.003146564605707685	0.004124436811913267
0.26426426426426425	0.003099365236015018	0.00410039698662381	0.0030993652360150493	0.004100396986623786
0.26726726726726724	0.003046197947273708	0.004073081055447182	0.00304619794727374	0.004073081055447157
0.2702702702702703	0.002995661766367949	0.004044990616372686	0.002995661766367987	0.004044990616372657
0.2732732732732733	0.0029444257089177137	0.004015222921520972	0.0029444257089177284	0.004015222921520961
0.27627627627627627	0.0028766455263920503	0.00397862452920828	0.0028766455263920746	0.0039786245292082615
0.27927927927927926	0.0028276538723020104	0.0039466929744311355	0.002827653872302033	0.00394669297443112
0.2822822822822823	0.0027698635237519567	0.0039104311226208525	0.0027698635237519836	0.003910431122620833
0.2852852852852853	0.0027150252622464874	0.003873859380989109	0.002715025262246519	0.0038738593809890874
0.2882882882882883	0.0026606928624354773	0.0038362151057096264	0.002660692862435484	0.003836215105709622
0.2912912912912913	0.0026174979198305285	0.003801642243182097	0.0026174979198304808	0.00380164224318213
0.29429429429429427	0.0025699137213957023	0.0037644133420800217	0.00256991372139567	0.003764413342080044
0.2972972972972973	0.002522894815300139	0.0037264391033937174	0.002522894815300148	0.0037264391033937114
0.3003003003003003	0.002474087083469117	0.00368681473840105	0.0024740870834691273	0.0036868147384010426
0.3033033033033033	0.002415671208361151	0.0036422381656077835	0.002415671208361171	0.0036422381656077696
0.3063063063063063	0.00236282794959279	0.0035989935126807156	0.002362827949592824	0.0035989935126806926
0.30930930930930933	0.0023162550793177855	0.003557609708269555	0.002316255079317807	0.0035576097082695417
0.3123123123123123	0.002260414139458294	0.0035112674616573883	0.0022604141394583104	0.0035112674616573783
0.3153153153153153	0.002199414134700966	0.003461581222070736	0.0021994141347009793	0.0034615812220707273
0.3183183183183183	0.002146329535133333	0.003414670287974381	0.002146329535133328	0.003414670287974384
0.3213213213213213	0.002099495574189358	0.0033700258487267243	0.00209949557418937	0.003370025848726716
0.32432432432432434	0.002054319582322039	0.0033255651337587917	0.0020543195823220467	0.0033255651337587865
0.32732732732732733	0.00200490172905692	0.0032783480233340018	0.002004901729056933	0.0032783480233339944
0.3303303303303303	0.0019638043393649905	0.0032348160727213096	0.001963804339364991	0.0032348160727213096
0.3333333333333333	0.0019171018009295849	0.0031878470334531133	0.0019171018009296141	0.0031878470334530964
0.3363363363363363	0.0018771461996629835	0.003143967741680404	0.001877146199663024	0.00314396774168038
0.33933933933933935	0.0018324547763379512	0.0030970853887214173	0.001832454776337975	0.003097085388721404
0.34234234234234234	0.0017909035533330338	0.0030514813673080013	0.0017909035533330811	0.0030514813673079735
0.34534534534534533	0.0017538080631698148	0.003008004970944836	0.0017538080631698356	0.003008004970944824
0.3483483483483483	0.0017087485580639648	0.002959639319926848	0.0017087485580639986	0.0029596393199268277
0.35135135135135137	0.00166954173088508	0.0029142684508743225	0.0016695417308850964	0.0029142684508743134
0.35435435435435436	0.0016199935228082296	0.002862401364438648	0.0016199935228082439	0.00286240136443864
0.35735735735735735	0.001578319312326396	0.0028148129142527675	0.0015783193123263956	0.0028148129142527675
0.36036036036036034	0.0015468833610461316	0.002773227972464041	0.0015468833610461318	0.00277322797246404
0.36336336336336333	0.0015060268692110171	0.0027255888285021217	0.0015060268692110195	0.0027255888285021204
0.3663663663663664	0.0014643915408047007	0.0026771394003875554	0.0014643915408047176	0.002677139400387546
0.36936936936936937	0.0014308299195689269	0.0026336170586514877	0.0014308299195689717	0.0026336170586514634
0.37237237237237236	0.0013945296531139328	0.0025881375018391543	0.0013945296531139705	0.002588137501839134
0.37537537537537535	0.0013586823434293424	0.0025427609786059	0.0013586823434293591	0.002542760978605891
0.3783783783783784	0.0013245066541415365	0.00249833174482612	0.0013245066541415548	0.0024983317448261104
0.3813813813813814	0.0012889863588803402	0.0024528269358155158	0.0012889863588803115	0.0024528269358155305
0.3843843843843844	0.0012592545412383152	0.0024111865742398437	0.0012592545412383061	0.0024111865742398484
0.38738738738738737	0.0012281478849668437	0.0023685134214572775	0.0012281478849667999	0.0023685134214572997
0.39039039039039036	0.0011923169381023626	0.0023223762662037606	0.0011923169381023264	0.0023223762662037788
0.3933933933933934	0.0011548023822275843	0.0022748227801369088	0.001154802382227579	0.0022748227801369114
0.3963963963963964	0.0011257067784843234	0.0022332825697314053	0.0011257067784843223	0.002233282569731406
0.3993993993993994	0.0010981290025046614	0.0021928322378248783	0.0010981290025046785	0.00219283223782487
0.4024024024024024	0.0010714867910607236	0.002153070890657696	0.001071486791060751	0.0021530708906576826
0.40540540540540543	0.0010388460579789408	0.002108711056507234	0.0010388460579789196	0.0021087110565072447
0.4084084084084084	0.0010151673489117335	0.002071195817965935	0.0010151673489117072	0.002071195817965948
0.4114114114114114	0.0009876875158346366	0.0020307469094000136	0.0009876875158346386	0.0020307469094000127
0.4144144144144144	0.0009586301534730175	0.001989022382642892	0.0009586301534730234	0.001989022382642889
0.4174174174174174	0.0009325972643446892	0.0019496791242834665	0.0009325972643447122	0.0019496791242834554
0.42042042042042044	0.0009045427987573047	0.0019086844819474074	0.0009045427987573346	0.0019086844819473934
0.42342342342342343	0.0008804090600012586	0.0018708888909975934	0.0008804090600012756	0.0018708888909975854
0.4264264264264264	0.0008600373501377228	0.001836264070782329	0.000860037350137744	0.001836264070782319
0.4294294294294294	0.0008343299070443191	0.001797232205191856	0.0008343299070443388	0.0017972322051918468
0.43243243243243246	0.0008151340997270538	0.0017637471842049067	0.0008151340997270733	0.0017637471842048976
0.43543543543543545	0.0007893995662686457	0.0017247381651470562	0.0007893995662686732	0.0017247381651470436
0.43843843843843844	0.0007668737369711732	0.001688507814350755	0.0007668737369712135	0.0016885078143507365
0.44144144144144143	0.0007403643154453594	0.0016487824484532063	0.0007403643154453881	0.0016487824484531933
0.4444444444444444	0.0007187658958956992	0.00161340888382535	0.0007187658958957323	0.0016134088838253354
0.44744744744744747	0.0006984457707597451	0.0015792397047285163	0.0006984457707597823	0.0015792397047285
0.45045045045045046	0.0006780998225769395	0.0015451082125162083	0.0006780998225769637	0.0015451082125161977
0.45345345345345345	0.0006589856049499063	0.001512176575203449	0.0006589856049499177	0.0015121765752034442
0.45645645645645644	0.0006386231892495678	0.0014781442555629263	0.0006386231892495717	0.0014781442555629244
0.45945945945945943	0.0006210837989637164	0.001446836701205514	0.0006210837989637168	0.001446836701205514
0.4624624624624625	0.0006046726754600649	0.0014167020973257134	0.0006046726754600919	0.001416702097325702
0.46546546546546547	0.000588190227335416	0.0013866049176554734	0.0005881902273354411	0.0013866049176554627
0.46846846846846846	0.0005693797283585936	0.0013543328042051339	0.0005693797283586353	0.001354332804205116
0.47147147147147145	0.0005498662470863284	0.0013214039588796509	0.0005498662470863723	0.0013214039588796327
0.4744744744744745	0.0005337305418301571	0.0012918826831537608	0.0005337305418301844	0.0012918826831537496
0.4774774774774775	0.00051398024296153	0.0012587690568011912	0.0005139802429615552	0.001258769056801181
0.4804804804804805	0.0004985943433141111	0.0012301417022886987	0.0004985943433141356	0.001230141702288689
0.48348348348348347	0.00048354252844982107	0.0012019461767630664	0.0004835425284498563	0.0012019461767630523
0.48648648648648646	0.00046848017495029407	0.0011738228997276027	0.00046848017495031564	0.001173822899727594
0.4894894894894895	0.00045409151489518546	0.0011464917161686115	0.0004540915148952055	0.0011464917161686035
0.4924924924924925	0.0004410121519341647	0.0011206501081052953	0.0004410121519341921	0.0011206501081052844
0.4954954954954955	0.0004278929922379058	0.0010948685390526553	0.00042789299223789225	0.0010948685390526605
0.4984984984984985	0.0004144311499789774	0.001068807362917432	0.00041443114997897156	0.0010688073629174341
0.5015015015015015	0.00040159153971766246	0.001043515194977104	0.0004015915397176679	0.0010435151949771018
0.5045045045045045	0.0003908809414406897	0.001020686490550263	0.0003908809414406935	0.0010206864905502617
0.5075075075075075	0.00038009421326099197	0.0009978946181214221	0.0003800942132610025	0.0009978946181214178
0.5105105105105106	0.0003671841131501461	0.0009728124497629772	0.00036718411315013287	0.0009728124497629823
0.5135135135135135	0.0003551687041721883	0.0009488188514790543	0.00035516870417217147	0.0009488188514790606
0.5165165165165165	0.0003448616029504383	0.0009268815098366517	0.0003448616029504277	0.0009268815098366556
0.5195195195195195	0.0003345089587816314	0.0009049977479304007	0.0003345089587816377	0.0009049977479303983
0.5225225225225225	0.00032412314883972364	0.0008831746095223499	0.0003241231488397269	0.0008831746095223485
0.5255255255255256	0.0003113049222602043	0.0008585387905461842	0.0003113049222602163	0.0008585387905461798
0.5285285285285285	0.00030093368881706776	0.0008368783794872663	0.0003009336888170714	0.0008368783794872651
0.5315315315315315	0.00029288321862910296	0.0008181260034501478	0.00029288321862909326	0.0008181260034501512
0.5345345345345345	0.00028399621494249643	0.0007984648156032926	0.0002839962149424885	0.0007984648156032955
0.5375375375375375	0.0002763127021094652	0.0007803894848004762	0.000276312702109469	0.0007803894848004748
0.5405405405405406	0.0002683123563110913	0.0007620346376994543	0.000268312356311096	0.0007620346376994528
0.5435435435435435	0.00026025941921107394	0.0007437184584976285	0.00026025941921108516	0.0007437184584976247
0.5465465465465466	0.0002523987125041994	0.0007257435463429966	0.00025239871250422487	0.0007257435463429878
0.5495495495495496	0.00024289214170323365	0.000705762423380518	0.00024289214170325534	0.0007057624233805106
0.5525525525525525	0.00023386803521516927	0.000686448882307996	0.00023386803521519033	0.0006864488823079886
0.5555555555555556	0.00022663096576486529	0.0006695258115969333	0.00022663096576487377	0.0006695258115969305
0.5585585585585585	0.00021892388022646845	0.0006520723501298694	0.00021892388022648091	0.0006520723501298652
0.5615615615615616	0.00020993469174384675	0.0006329737181767669	0.00020993469174385884	0.0006329737181767629
0.5645645645645646	0.000202862441224179	0.0006164954054158946	0.00020286244122419056	0.0006164954054158907
0.5675675675675675	0.00019658516557115888	0.0006011768140335771	0.00019658516557117576	0.0006011768140335716
0.5705705705705706	0.00019046442277615078	0.0005861603862018874	0.00019046442277616932	0.0005861603862018812
0.5735735735735735	0.00018430186912580092	0.0005711709056560167	0.0001843018691258126	0.0005711709056560129
0.5765765765765766	0.00017791489838827647	0.0005559452748761174	0.00017791489838824695	0.0005559452748761268
0.5795795795795796	0.00017320011724306555	0.0005431483929210243	0.00017320011724302433	0.0005431483929210375
0.5825825825825826	0.00016767288303266107	0.0005292971698749503	0.00016767288303262654	0.0005292971698749612
0.5855855855855856	0.00016300841635154422	0.0005167578591020201	0.00016300841635152056	0.0005167578591020275
0.5885885885885885	0.0001565131271254823	0.0005016717477915885	0.00015651312712546797	0.0005016717477915929
0.5915915915915916	0.0001512423588558531	0.0004884114675143099	0.00015124235885585855	0.0004884114675143082
0.5945945945945946	0.00014729761440595706	0.00047716818069914053	0.00014729761440597107	0.0004771681806991362
0.5975975975975976	0.0001419496783628346	0.00046394408186152845	0.00014194967836281483	0.0004639440818615345
0.6006006006006006	0.00013756300120062738	0.0004522115684377241	0.00013756300120059054	0.00045221156843773525
0.6036036036036035	0.00013312969732498745	0.00044048493417667687	0.0001331296973249644	0.0004404849341766839
0.6066066066066066	0.0001291246664624352	0.0004294773791160459	0.0001291246664624285	0.00042947737911604796
0.6096096096096096	0.00012400084053020385	0.00041683695469853135	0.0001240008405302037	0.0004168369546985314
0.6126126126126126	0.00012037131147288483	0.00040654415464776335	0.00012037131147288147	0.0004065441546477643
0.6156156156156156	0.00011668618209194814	0.00039624071531408917	0.00011668618209193242	0.0003962407153140939
0.6186186186186187	0.0001135254642814258	0.0003868260959196159	0.0001135254642814334	0.00038682609591961356
0.6216216216216216	0.00011029951704872332	0.0003773868648730417	0.00011029951704874791	0.0003773868648730345
0.6246246246246246	0.00010619255717507587	0.00036663196272250607	0.000106192557175107	0.00036663196272249707
0.6276276276276276	0.0001028754685340617	0.0003571843124952421	0.00010287546853407357	0.0003571843124952387
0.6306306306306306	9.938268421228757e-05	0.0003475199915529829	9.938268421229647e-05	0.0003475199915529804
0.6336336336336337	9.624375451505218e-05	0.0003384851108102981	9.624375451505544e-05	0.00033848511081029716
0.6366366366366366	9.344009757963629e-05	0.0003300577379343952	9.344009757963368e-05	0.00033005773793439596
0.6396396396396397	9.046080872149861e-05	0.00032140940735104746	9.046080872149038e-05	0.00032140940735104974
0.6426426426426426	8.635535687241695e-05	0.00031095700020830776	8.635535687242585e-05	0.0003109570002083053
0.6456456456456456	8.355999675543981e-05	0.0003027167040309979	8.355999675545785e-05	0.000302716704030993
0.6486486486486487	8.049410614259632e-05	0.0002940757433582982	8.049410614262613e-05	0.00029407574335829
0.6516516516516516	7.774336738588989e-05	0.00028601618682410794	7.774336738593136e-05	0.0002860161868240967
0.6546546546546547	7.50699196900008e-05	0.00027813927488535303	7.506991969005122e-05	0.0002781392748853394
0.6576576576576576	7.258014415902025e-05	0.0002706288629908609	7.25801441590806e-05	0.00027062886299084477
0.6606606606606606	7.005360409945074e-05	0.00026310458944979833	7.005360409950042e-05	0.00026310458944978505
0.6636636636636637	6.780617313409871e-05	0.0002561169003145597	6.780617313413117e-05	0.0002561169003145512
0.6666666666666666	6.521502782802593e-05	0.0002485706550632397	6.521502782803802e-05	0.0002485706550632365
0.6696696696696697	6.309773368509316e-05	0.00024190873824542474	6.309773368510359e-05	0.00024190873824542203
0.6726726726726726	6.113571743181245e-05	0.00023557378121941326	6.1135717431827e-05	0.00023557378121940952
0.6756756756756757	5.8847439901775536e-05	0.0002286967757929606	5.88474399017577e-05	0.00022869677579296518
0.6786786786786787	5.672008707915859e-05	0.00022215071650509173	5.672008707912316e-05	0.00022215071650510078
0.6816816816816816	5.474585545860321e-05	0.0002159256726506987	5.474585545857694e-05	0.00021592567265070535
0.6846846846846847	5.3183133244189075e-05	0.00021050490580062152	5.3183133244190863e-05	0.000210504905800621
0.6876876876876877	5.1400271730034364e-05	0.00020472158733521821	5.140027173005053e-05	0.00020472158733521415
0.6906906906906907	4.949843615970848e-05	0.0001987550991683172	4.949843615972749e-05	0.00019875509916831243
0.6936936936936937	4.732195417607831e-05	0.00019229918092111825	4.732195417609047e-05	0.00019229918092111524
0.6966966966966966	4.602597669218308e-05	0.0001875559047332527	4.6025976692199164e-05	0.00018755590473324877
0.6996996996996997	4.436609068699893e-05	0.0001821558596115602	4.436609068701829e-05	0.00018215585961155545
0.7027027027027027	4.298778584699346e-05	0.0001773370853375165	4.298778584700866e-05	0.0001773370853375128
0.7057057057057057	4.164706448079103e-05	0.00017263106699091582	4.164706448081051e-05	0.00017263106699091116
0.7087087087087087	4.034304054256963e-05	0.0001680355385121003	4.0343040542591836e-05	0.00016803553851209497
0.7117117117117117	3.878540124822919e-05	0.00016297585184334368	3.87854012482457e-05	0.00016297585184333975
0.7147147147147147	3.748796335798394e-05	0.00015846337501388325	3.7487963357993416e-05	0.00015846337501388102
0.7177177177177178	3.6158582170857334e-05	0.00015392033103045328	3.6158582170853946e-05	0.00015392033103045404
0.7207207207207207	3.446315224412704e-05	0.0001486630425089056	3.446315224412402e-05	0.0001486630425089063
0.7237237237237237	3.295657103211741e-05	0.00014380580098741013	3.295657103211042e-05	0.00014380580098741176
0.7267267267267267	3.1886492149920785e-05	0.00013987566858977244	3.188649214992354e-05	0.00013987566858977187
0.7297297297297297	3.072054298986281e-05	0.00013577604543283043	3.0720542989871826e-05	0.0001357760454328284
0.7327327327327328	2.9651527840452897e-05	0.00013190771619817047	2.9651527840473412e-05	0.00013190771619816586
0.7357357357357357	2.8553837909388025e-05	0.00012800608278509657	2.8553837909405633e-05	0.00012800608278509262
0.7387387387387387	2.766625406591844e-05	0.00012457987254011247	2.766625406592702e-05	0.0001245798725401106
0.7417417417417418	2.6343087274204602e-05	0.00012024129301623696	2.634308727420661e-05	0.00012024129301623652
0.7447447447447447	2.5402167725313607e-05	0.00011675023597099293	2.5402167725307034e-05	0.00011675023597099434
0.7477477477477478	2.4379739086997676e-05	0.00011310339440271064	2.437973908699512e-05	0.00011310339440271116
0.7507507507507507	2.3550875305296814e-05	0.00010990727796402002	2.355087530529618e-05	0.00010990727796402014
0.7537537537537538	2.2536697211146007e-05	0.00010631927609417465	2.2536697211140312e-05	0.00010631927609417584
0.7567567567567568	2.1658302493183678e-05	0.00010305497803495621	2.165830249318469e-05	0.00010305497803495598
0.7597597597597597	2.075761477279906e-05	9.97583961326053e-05	2.0757614772802223e-05	9.975839613260464e-05
0.7627627627627628	2.003280197410374e-05	9.688556432792729e-05	2.0032801974109538e-05	9.688556432792611e-05
0.7657657657657657	1.9425134836150415e-05	9.430702821919635e-05	1.942513483616183e-05	9.430702821919401e-05
0.7687687687687688	1.8694300166773213e-05	9.146396435378903e-05	1.869430016680046e-05	9.146396435378345e-05
0.7717717717717718	1.8077321356988664e-05	8.890829657145641e-05	1.8077321357022003e-05	8.890829657144962e-05
0.7747747747747747	1.756721985047951e-05	8.662697979912293e-05	1.756721985048558e-05	8.662697979912169e-05
0.7777777777777778	1.7070435676315575e-05	8.439995704649376e-05	1.7070435676294003e-05	8.439995704649814e-05
0.7807807807807807	1.650181153850072e-05	8.20240314419202e-05	1.6501811538476363e-05	8.202403144192511e-05
0.7837837837837838	1.5825568091478327e-05	7.94090524417693e-05	1.582556809146185e-05	7.940905244177256e-05
0.7867867867867868	1.5171383978530716e-05	7.686169108733057e-05	1.5171383978527254e-05	7.686169108733125e-05
0.7897897897897898	1.4538644010570956e-05	7.438035216803147e-05	1.4538644010573298e-05	7.438035216803103e-05
0.7927927927927928	1.4042482312075455e-05	7.225062184972622e-05	1.4042482312076188e-05	7.225062184972607e-05
0.7957957957957957	1.3448117726201025e-05	6.989296711170009e-05	1.3448117726200549e-05	6.989296711170019e-05
0.7987987987987988	1.305740542063215e-05	6.806029516746218e-05	1.305740542062458e-05	6.806029516746364e-05
0.8018018018018018	1.2677191572078184e-05	6.627226896744186e-05	1.2677191572067658e-05	6.627226896744386e-05
0.8048048048048048	1.216696597449849e-05	6.417246314524964e-05	1.2166965974486965e-05	6.417246314525183e-05
0.8078078078078078	1.1707607367830809e-05	6.221551447967193e-05	1.1707607367821137e-05	6.221551447967375e-05
0.8108108108108109	1.1195949270815686e-05	6.013667994146747e-05	1.1195949270803995e-05	6.0136679941469646e-05
0.8138138138138138	1.0636352610402266e-05	5.7941130943947776e-05	1.0636352610368271e-05	5.7941130943954023e-05
0.8168168168168168	1.0128526961130412e-05	5.5887575251104776e-05	1.0128526961079087e-05	5.588757525111407e-05
0.8198198198198198	9.793972614009772e-06	5.430670095966533e-05	9.793972613948687e-06	5.4306700959676335e-05
0.8228228228228228	9.5299879673573e-06	5.292973999336303e-05	9.529987967313425e-06	5.292973999337093e-05
0.8258258258258259	9.183834909529731e-06	5.134582186482038e-05	9.183834909504629e-06	5.1345821864824864e-05
0.8288288288288288	8.79065046696158e-06	4.964557254495511e-05	8.790650466952088e-06	4.964557254495679e-05
0.8318318318318318	8.495412038456107e-06	4.822416087398786e-05	8.495412038460227e-06	4.822416087398714e-05
0.8348348348348348	8.209000714351112e-06	4.683955890066476e-05	8.209000714362646e-06	4.6839558900662747e-05
0.8378378378378378	7.850523092840744e-06	4.5265993168647266e-05	7.85052309284946e-06	4.526599316864574e-05
0.8408408408408409	7.609238138426033e-06	4.4030314948969665e-05	7.609238138433083e-06	4.4030314948968445e-05
0.8438438438438438	7.349170272128536e-06	4.2753734467213884e-05	7.349170272127891e-06	4.2753734467213985e-05
0.8468468468468469	7.096984695633657e-06	4.1510546565676704e-05	7.096984695629083e-06	4.1510546565677484e-05
0.8498498498498498	6.8280805522730306e-06	4.023025197681459e-05	6.828080552266303e-06	4.023025197681573e-05
0.8528528528528528	6.567813333763417e-06	3.898420975405487e-05	6.567813333754324e-06	3.898420975405641e-05
0.8558558558558559	6.408819367200969e-06	3.804047797803116e-05	6.408819367175344e-06	3.804047797803548e-05
0.8588588588588588	6.117530389126324e-06	3.672405874749604e-05	6.1175303890834585e-06	3.672405874750318e-05
0.8618618618618619	5.8364126183136685e-06	3.544331274682633e-05	5.836412618262976e-06	3.544331274683467e-05
0.8648648648648649	5.5651618377947296e-06	3.419731493756178e-05	5.565161837755128e-06	3.4197314937568223e-05
0.8678678678678678	5.387664018473381e-06	3.323909262604458e-05	5.3876640184521096e-06	3.3239092626048024e-05
0.8708708708708709	5.215346783891572e-06	3.230572831834538e-05	5.215346783885699e-06	3.230572831834634e-05
0.8738738738738738	4.967943530005803e-06	3.11528408563304e-05	4.967943530006324e-06	3.1152840856330307e-05
0.8768768768768769	4.827075027384486e-06	3.0332254036464042e-05	4.827075027388039e-06	3.033225403646348e-05
0.8798798798798799	4.594655619076027e-06	2.9237962395537413e-05	4.594655619075938e-06	2.9237962395537416e-05
0.8828828828828829	4.3891813294661965e-06	2.823198450764019e-05	4.389181329472314e-06	2.8231984507639235e-05
0.8858858858858859	4.26345632440236e-06	2.7482991973716746e-05	4.2634563244137615e-06	2.7482991973714984e-05
0.8888888888888888	4.123435629736349e-06	2.6696962570147687e-05	4.123435629753325e-06	2.6696962570145075e-05
0.8918918918918919	3.97033771706341e-06	2.5876814543299327e-05	3.970337717082561e-06	2.587681454329639e-05
0.8948948948948949	3.8221596629476215e-06	2.5078978645738093e-05	3.822159662964186e-06	2.507897864573557e-05
0.8978978978978979	3.695182941302688e-06	2.4355837527737152e-05	3.6951829413152115e-06	2.435583752773525e-05
0.9009009009009009	3.588054837375376e-06	2.370367364869283e-05	3.588054837383692e-06	2.3703673648691574e-05
0.9039039039039038	3.4369925770692644e-06	2.2915887481345947e-05	3.436992577077602e-06	2.29158874813447e-05
0.9069069069069069	3.3063422174760437e-06	2.2200050497840282e-05	3.3063422174850366e-06	2.220005049783894e-05
0.9099099099099099	3.1799577877040465e-06	2.1503892189213127e-05	3.1799577877196006e-06	2.1503892189210827e-05
0.9129129129129129	3.0866978348546016e-06	2.0923248339057163e-05	3.086697834874197e-06	2.0923248339054276e-05
0.9159159159159159	2.9677561995347326e-06	2.0263288110131898e-05	2.967756199553917e-06	2.0263288110129093e-05
0.9189189189189189	2.866514965998279e-06	1.966791163822657e-05	2.8665149660206836e-06	1.9667911638223305e-05
0.9219219219219219	2.7549536189547476e-06	1.904318477275319e-05	2.7549536189760636e-06	1.90431847727501e-05
0.924924924924925	2.647091847082728e-06	1.8435802343816046e-05	2.647091847101757e-06	1.843580234381331e-05
0.9279279279279279	2.5300421588092538e-06	1.78013324910063e-05	2.530042158820722e-06	1.780133249100467e-05
0.9309309309309309	2.466950631981457e-06	1.7357421608943785e-05	2.4669506319939915e-06	1.735742160894201e-05
0.933933933933934	2.405365013191274e-06	1.6924106269519727e-05	2.4053650132032755e-06	1.6924106269518023e-05
0.9369369369369369	2.297872603280926e-06	1.633695176225752e-05	2.2978726032985896e-06	1.6336951762255038e-05
0.93993993993994	2.217286465372248e-06	1.584752407624845e-05	2.2172864653992264e-06	1.5847524076244677e-05
0.9429429429429429	2.139235196209488e-06	1.5371499614136353e-05	2.139235196240441e-06	1.5371499614132047e-05
0.9459459459459459	2.052669121306161e-06	1.4869591762522999e-05	2.052669121335149e-06	1.4869591762518996e-05
0.948948948948949	1.9690451694822086e-06	1.4381826401855984e-05	1.96904516950227e-06	1.4381826401853238e-05
0.9519519519519519	1.919571750715232e-06	1.4020474549061955e-05	1.9195717507237143e-06	1.4020474549060795e-05
0.954954954954955	1.8712905808476732e-06	1.3667830834091375e-05	1.8712905808491608e-06	1.3667830834091167e-05
0.9579579579579579	1.7944325033504738e-06	1.3216652450300889e-05	1.7944325033379282e-06	1.3216652450302587e-05
0.960960960960961	1.7202121546272985e-06	1.2778267508897787e-05	1.7202121546064153e-06	1.2778267508900602e-05
0.963963963963964	1.6391287941477928e-06	1.2317620945108585e-05	1.6391287941272315e-06	1.231762094511132e-05
0.9669669669669669	1.5701826620087234e-06	1.1904380228796555e-05	1.5701826619921256e-06	1.1904380228798745e-05
0.96996996996997	1.5215340946522437e-06	1.1570016724574204e-05	1.5215340946386546e-06	1.157001672457599e-05
0.9729729729729729	1.4481317257461047e-06	1.11460022436228e-05	1.4481317257362236e-06	1.1146002243624082e-05
0.975975975975976	1.368931228220116e-06	1.070148810387082e-05	1.3689312282117228e-06	1.0701488103871892e-05
0.978978978978979	1.3176414953438354e-06	1.0366169766114405e-05	1.3176414953287142e-06	1.0366169766116328e-05
0.9819819819819819	1.2761163325161085e-06	1.0071714441638429e-05	1.2761163324903403e-06	1.0071714441641693e-05
0.984984984984985	1.2043323606977795e-06	9.661679117422236e-06	1.2043323606687917e-06	9.66167911742585e-06
0.9879879879879879	1.1660280791786715e-06	9.38558257057995e-06	1.1660280791509381e-06	9.385582570583395e-06
0.990990990990991	1.1139122530122391e-06	9.057284434633264e-06	1.1139122529942202e-06	9.05728443463548e-06
0.993993993993994	1.0782378222525478e-06	8.797229173128082e-06	1.0782378222436218e-06	8.797229173129178e-06
0.996996996996997	1.0365320200565353e-06	8.51554745941922e-06	1.036532020056491e-06	8.515547459419224e-06
1.0	1.0031452490700699e-06	8.27004997287046e-06	1.0031452490752768e-06	8.270049972869828e-06
