0.0	-2.220446049250313e-16
0.003003003003003003	5.0401606982442004e-06
0.006006006006006006	1.856711708814185e-05
0.009009009009009009	4.111240280080253e-05
0.012012012012012012	7.267652065900965e-05
0.015015015015015015	0.00011325745705526025
0.018018018018018018	0.0001628550305318166
0.02102102102102102	0.00022146313241511173
0.024024024024024024	0.00028909111611985505
0.02702702702702703	0.0003657257007132486
0.03003003003003003	0.00045134611331854035
0.03303303303303303	0.0005459844696608096
0.036036036036036036	0.0006496209755579851
0.03903903903903904	0.0007622658836534679
0.04204204204204204	0.0008839222408921765
0.04504504504504504	0.0010145933395149243
0.04804804804804805	0.0011542827175038406
0.05105105105105105	0.001302991358604233
0.05405405405405406	0.0014607012340169812
0.057057057057057055	0.001627407349031218
0.06006006006006006	0.0018031086382686023
0.06306306306306306	0.0019878042788425976
0.06606606606606606	0.0021814936904981375
0.06906906906906907	0.0023841765357833777
0.07207207207207207	0.0025958527202555315
0.07507507507507508	0.002816522392718901
0.07807807807807808	0.003046178494916396
0.08108108108108109	0.003284844014737165
0.08408408408408408	0.0035324974807490195
0.08708708708708708	0.0037891474683764415
0.09009009009009009	0.004054795347403162
0.09309309309309309	0.004329423760272233
0.0960960960960961	0.004613036364921164
0.0990990990990991	0.004905608471067691
0.1021021021021021	0.005207138186781979
0.10510510510510511	0.005517646212070182
0.10810810810810811	0.005837101333283856
0.1111111111111111	0.006165532182077271
0.11411411411411411	0.006502915476979454
0.11711711711711711	0.006849250529514905
0.12012012012012012	0.007204559244551323
0.12312312312312312	0.007568819065455368
0.12612612612612611	0.00794203002973326
0.12912912912912913	0.008324207318898047
0.13213213213213212	0.008715349812337458
0.13513513513513514	0.009115416249387609
0.13813813813813813	0.009524401449179432
0.14114114114114115	0.00994230137254426
0.14414414414414414	0.010369112214478893
0.14714714714714713	0.010804830404296806
0.15015015015015015	0.011249452605812893
0.15315315315315314	0.011702975717558628
0.15615615615615616	0.012165389422451267
0.15915915915915915	0.012636713440977276
0.16216216216216217	0.01311692302570111
0.16516516516516516	0.01360602346741735
0.16816816816816815	0.014104005392046703
0.17117117117117117	0.014610889464532928
0.17417417417417416	0.015126651883483166
0.17717717717717718	0.01565129888745298
0.18018018018018017	0.0161848220519768
0.1831831831831832	0.01672724299359829
0.18618618618618618	0.017278538864646364
0.1891891891891892	0.01783870940907617
0.1921921921921922	0.018407776963119238
0.19519519519519518	0.018985711950163853
0.1981981981981982	0.01957254464018321
0.2012012012012012	0.020168224410430313
0.2042042042042042	0.020772715347680104
0.2072072072072072	0.02138601216710534
0.21021021021021022	0.02200811007577108
0.2132132132132132	0.022639004506385896
0.21621621621621623	0.02327869111760905
0.21921921921921922	0.023927165794389693
0.2222222222222222	0.024584417197757058
0.22522522522522523	0.02525046401812736
0.22822822822822822	0.025925280469933587
0.23123123123123124	0.02660886334731949
0.23423423423423423	0.027301224574060257
0.23723723723723725	0.028002361401775477
0.24024024024024024	0.028712256410496684
0.24324324324324323	0.029430907311591592
0.24624624624624625	0.03015833439898019
0.24924924924924924	0.03089450604399857
0.25225225225225223	0.031639443004231604
0.2552552552552553	0.03239314391844561
0.25825825825825827	0.03315559275794333
0.26126126126126126	0.033926796080276156
0.26426426426426425	0.03470675322776684
0.26726726726726724	0.03549545681678368
0.2702702702702703	0.036292865451400314
0.2732732732732733	0.03709896636489829
0.27627627627627627	0.03791375234218852
0.27927927927927926	0.03873721607785008
0.2822822822822823	0.03956935017508589
0.2852852852852853	0.0404101471446624
0.2882882882882883	0.04125959195325124
0.2912912912912913	0.04211769927523579
0.29429429429429427	0.042984438985791296
0.2972972972972973	0.04385980321497851
0.3003003003003003	0.04474380634659214
0.3033033033033033	0.04563641796176621
0.3063063063063063	0.04653763734359062
0.30930930930930933	0.04744745622299973
0.3123123123123123	0.04836585877754351
0.3153153153153153	0.049292858883042134
0.3183183183183183	0.050228425606509974
0.3213213213213213	0.051172557710672306
0.32432432432432434	0.05212524639974936
0.32732732732732733	0.05308648276870487
0.3303303303303303	0.05405625780189016
0.3333333333333333	0.055034562371666707
0.3363363363363363	0.05602137978642485
0.33933933933933935	0.05701671559148325
0.34234234234234234	0.05802055286415686
0.34534534534534533	0.059032889465190475
0.3483483483483483	0.06005369333377808
0.35135135135135137	0.061082984442429655
0.35435435435435436	0.062120723036716896
0.35735735735735735	0.06316692884672015
0.36036036036036034	0.06422157376035387
0.36336336336336333	0.06528465945394846
0.3663663663663664	0.06635617638688451
0.36936936936936937	0.06743611492309565
0.37237237237237236	0.06852446532964795
0.37537537537537535	0.06962121777529784
0.3783783783783784	0.07072636232902596
0.3813813813813814	0.07183988150796927
0.3843843843843844	0.07296178752881288
0.38738738738738737	0.07409204780044898
0.39039039039039036	0.07523065942822316
0.3933933933933934	0.07637761195944903
0.3963963963963964	0.07753289483237824
0.3993993993993994	0.07869648992398692
0.4024024024024024	0.07986840880121715
0.40540540540540543	0.0810486182134843
0.4084084084084084	0.08223711459676886
0.4114114114114114	0.08343388681897168
0.4144144144144144	0.08463892362872438
0.4174174174174174	0.08585221365359075
0.42042042042042044	0.08707374539823942
0.42342342342342343	0.08830350724258562
0.4264264264264264	0.08954147998932283
0.4294294294294294	0.09078767411490674
0.43243243243243246	0.09204205526179876
0.43543543543543545	0.09330461874228912
0.43843843843843844	0.09457535228357872
0.44144144144144143	0.09585424347631055
0.4444444444444444	0.09714127977248599
0.44744744744744747	0.09843644848334843
0.45045045045045046	0.09973973886051768
0.45345345345345345	0.10105114919803138
0.45645645645645644	0.10237066187857491
0.45945945945945943	0.10369828753287047
0.4624624624624625	0.10503398454139024
0.46546546546546547	0.10637777079128119
0.46846846846846846	0.10772960446526281
0.47147147147147145	0.1090895032490764
0.4744744744744745	0.11045743257090634
0.4774774774774775	0.11183338755586769
0.4804804804804805	0.11321735577117387
0.48348348348348347	0.11460932467475748
0.48648648648648646	0.11600928161327873
0.4894894894894895	0.11741721382010173
0.4924924924924925	0.11883310096265742
0.4954954954954955	0.12025695239325718
0.4984984984984985	0.12168873264116198
0.5015015015015015	0.12312842846564931
0.5045045045045045	0.12457604885381823
0.5075075075075075	0.1260315579631326
0.5105105105105106	0.12749494962495844
0.5135135135135135	0.12896621008935505
0.5165165165165165	0.1304453180227293
0.5195195195195195	0.13193228175835314
0.5225225225225225	0.13342705733755256
0.5255255255255256	0.13492965281536773
0.5285285285285285	0.13644005375223867
0.5315315315315315	0.13795823066203294
0.5345345345345345	0.1394841762623522
0.5375375375375375	0.14101787566956847
0.5405405405405406	0.14255931386486653
0.5435435435435435	0.14410847648937408
0.5465465465465466	0.14566537846539607
0.5495495495495496	0.1472299835348012
0.5525525525525525	0.1488022776868395
0.5555555555555556	0.15038226915591169
0.5585585585585585	0.15196992136407417
0.5615615615615616	0.15356522742454037
0.5645645645645646	0.15516817288643237
0.5675675675675675	0.15677874318297713
0.5705705705705706	0.15839692362908264
0.5735735735735735	0.1600226994188707
0.5765765765765766	0.16165604817258938
0.5795795795795796	0.16329697718696268
0.5825825825825826	0.16494544892678964
0.5855855855855856	0.1666014555281088
0.5885885885885885	0.16826498154260638
0.5915915915915916	0.16993601138546344
0.5945945945945946	0.17161452933257038
0.5975975975975976	0.17330051951769432
0.6006006006006006	0.17499396592959449
0.6036036036036035	0.176694852409086
0.6066066066066066	0.17840315519546968
0.6096096096096096	0.18011888017639122
0.6126126126126126	0.18184198092835369
0.6156156156156156	0.18357246302169117
0.6186186186186187	0.1853103095115458
0.6216216216216216	0.18705548093459345
0.6246246246246246	0.18880798981151448
0.6276276276276276	0.19056779633546572
0.6306306306306306	0.1923348903250054
0.6336336336336337	0.19410925734221274
0.6366366366366366	0.19589088894860263
0.6396396396396397	0.19767979364481658
0.6426426426426426	0.19947593310847378
0.6456456456456456	0.2012792987162365
0.6486486486486487	0.2030898742882844
0.6516516516516516	0.2049076435362246
0.6546546546546547	0.2067325900603748
0.6576576576576576	0.20856468989641475
0.6606606606606606	0.21040394876547253
0.6636636636636637	0.21225032756544926
0.6666666666666666	0.2141038168739029
0.6696696696696697	0.21596439969216907
0.6726726726726726	0.21783205144232887
0.6756756756756757	0.21970677721702248
0.6786786786786787	0.22158853727049566
0.6816816816816816	0.2234773215211977
0.6846846846846847	0.2253731122956094
0.6876876876876877	0.22727589177549068
0.6906906906906907	0.22918564199448355
0.6936936936936937	0.23110234483464887
0.6966966966966966	0.233025982022934
0.6996996996996997	0.23495653512757164
0.7027027027027027	0.236893985554407
0.7057057057057057	0.23883831454315063
0.7087087087087087	0.24078950316355718
0.7117117117117117	0.24274753231152624
0.7147147147147147	0.24471238270512374
0.7177177177177178	0.24668403488052282
0.7207207207207207	0.24866246918786028
0.7237237237237237	0.25064766584338494
0.7267267267267267	0.2526396185455303
0.7297297297297297	0.2546383194221905
0.7327327327327328	0.25664375069111567
0.7357357357357357	0.25865589446862247
0.7387387387387387	0.26067473276659237
0.7417417417417418	0.26270024748941156
0.7447447447447447	0.2647324204308489
0.7477477477477478	0.26677123327087404
0.7507507507507507	0.26881666757240863
0.7537537537537538	0.27086870477801384
0.7567567567567568	0.27292732620651006
0.7597597597597597	0.27499251304952577
0.7627627627627628	0.2770642463679772
0.7657657657657657	0.2791425070884729
0.7687687687687688	0.2812272759996438
0.7717717717717718	0.2833185337483949
0.7747747747747747	0.2854162608360785
0.7777777777777778	0.2875204376145851
0.7807807807807807	0.2896310442823492
0.7837837837837838	0.2917480608802703
0.7867867867867868	0.2938714672875429
0.7897897897897898	0.2960012432173965
0.7927927927927928	0.29813736821274206
0.7957957957957957	0.30027982164171885
0.7987987987987988	0.3024285774247891
0.8018018018018018	0.3045836303718653
0.8048048048048048	0.306744938225634
0.8078078078078078	0.30891250068203224
0.8108108108108109	0.3110862750915713
0.8138138138138138	0.3132662607479415
0.8168168168168168	0.3154524242071107
0.8198198198198198	0.3176447689987322
0.8228228228228228	0.31984327252236944
0.8258258258258259	0.322047930929795
0.8288288288288288	0.32425870865571227
0.8318318318318318	0.3264755858294114
0.8348348348348348	0.3286985530027824
0.8378378378378378	0.3309275900731812
0.8408408408408409	0.3331626662796342
0.8438438438438438	0.3354037665407362
0.8468468468468469	0.3376508703772557
0.8498498498498498	0.3399039571764261
0.8528528528528528	0.3421630061877885
0.8558558558558559	0.3444279965189341
0.8588588588588588	0.3466989071311467
0.8618618618618619	0.3489757168349418
0.8648648648648649	0.3512584042854967
0.8678678678678678	0.35354694797797104
0.8708708708708709	0.35584132624271303
0.8738738738738738	0.3581415172403477
0.8768768768768769	0.3604474989567441
0.8798798798798799	0.36275924919785696
0.8828828828828829	0.3650767455844387
0.8858858858858859	0.3673999655466199
0.8888888888888888	0.36972888104999413
0.8918918918918919	0.3720634849316985
0.8948948948948949	0.3744037382110067
0.8978978978978979	0.3767496227668915
0.9009009009009009	0.37910111499009214
0.9039039039039038	0.38145819104515466
0.9069069069069069	0.3838208269559966
0.9099099099099099	0.3861890073326072
0.9129129129129129	0.3885627358900048
0.9159159159159159	0.39094197013951826
0.9189189189189189	0.39332670969326655
0.9219219219219219	0.39571691723930513
0.924924924924925	0.39811257649404264
0.9279279279279279	0.4005136658609737
0.9309309309309309	0.4029201636995634
0.933933933933934	0.4053320483257895
0.9369369369369369	0.4077492927443427
0.93993993993994	0.41017189099098217
0.9429429429429429	0.4125998054495619
0.9459459459459459	0.4150330195362004
0.948948948948949	0.417471506089767
0.9519519519519519	0.4199152589826618
0.954954954954955	0.42236424043791587
0.9579579579579579	0.42481843371343486
0.960960960960961	0.4272778167609197
0.963963963963964	0.4297423674949472
0.9669669669669669	0.4322120637937157
0.96996996996997	0.434686883499814
0.9729729729729729	0.43716680442101497
0.975975975975976	0.4396518043310935
0.978978978978979	0.4421418609706709
0.9819819819819819	0.4446369520480853
0.984984984984985	0.4471370552402921
0.9879879879879879	0.4496421481937912
0.990990990990991	0.45215220852558646
0.993993993993994	0.45466720855581977
0.996996996996997	0.45718713638221764
1.0	0.4597119695393691
